ticket#21462
57,12,88,58,86
53,93,70,91,40
56,48,92,65,17
72,24,82,55,64
16,29,3,81,9
ticket#40357
34,58,56,99,26
68,4,52,10,17
77,95,5,85,38
35,49,61,20,54
19,70,60,74,21
ticket#21665
24,46,86,35,2
13,18,79,81,54
66,33,45,14,64
32,92,43,16,8
47,49,72,6,95
ticket#40449
14,49,87,9,35
4,1,67,85,96
5,25,27,57,99
39,16,73,97,62
34,77,82,78,81
ticket#21485
68,15,64,93,39
89,98,33,17,2
54,21,86,65,41
31,51,71,59,38
42,95,60,40,48
ticket#42026
46,35,50,72,73
39,19,94,90,31
42,56,43,82,77
99,76,87,24,70
57,8,25,1,15
ticket#23753
29,32,58,42,94
37,54,40,65,60
8,39,22,63,14
5,93,59,10,84
75,99,23,62,11
ticket#23799
19,87,39,6,58
86,10,4,48,80
98,76,89,73,66
25,83,1,57,26
74,27,43,62,42
